name=DEMO_SYSTEM
nominal_frequency=2.3
l1_cache=32
l2_cache=1024
l3_cache=22528
L1=386.7177788926062
L2=91.21472345293326
L3=25.18771910118267
DRAM=12.439045473094083
FP=1996.8
